   0.00000000       0.00000000       0.00000000       0.00000000       0.00000000       0.00000000       0.00000000       0.00000000       0.00000000       0.00000000       0.00000000       0.00000000       0.00000000       0.00000000       0.00000000       0.00000000       0.00000000       0.00000000       0.00000000       0.00000000       0.00000000       0.00000000       0.00000000       0.00000000       0.00000000       0.00000000       0.00000000       0.00000000       0.00000000       0.00000000       0.00000000       0.00000000       0.00000000       0.00000000       0.00000000       0.00000000       0.00000000       0.00000000       0.00000000       0.00000000       0.00000000       0.00000000       0.00000000       0.00000000       0.00000000       0.00000000       0.00000000       0.00000000       0.00000000       0.00000000       0.00000000       0.00000000       0.00000000       0.00000000       0.00000000       0.00000000       0.00000000       0.00000000       0.00000000       0.00000000    
   0.00000000       328350.000       656700.000       985050.000       1313400.00       1641750.00       1970100.00       2298450.00       2626800.00       2955150.00       3283500.00       3611850.00       3940200.00       4268550.00       4596900.00       4925250.00       5253600.00       5581950.00       5910300.00       6238650.00       6567000.00       6895350.00       7223700.00       7552050.00       7880400.00       8208750.00       8537100.00       8865450.00       9193800.00       9522150.00       9850500.00       10178850.0       10507200.0       10835550.0       11163900.0       11492250.0       11820600.0       12148950.0       12477300.0       12805650.0       13134000.0       13462350.0       13790700.0       14119050.0       14447400.0       14775750.0       15104100.0       15432450.0       15760800.0       16089150.0       16417500.0       16745850.0       17074200.0       17402548.0       17730900.0       18059252.0       18387600.0       18715948.0       19044300.0       19372652.0    
   0.00000000       656700.000       1313400.00       1970100.00       2626800.00       3283500.00       3940200.00       4596900.00       5253600.00       5910300.00       6567000.00       7223700.00       7880400.00       8537100.00       9193800.00       9850500.00       10507200.0       11163900.0       11820600.0       12477300.0       13134000.0       13790700.0       14447400.0       15104100.0       15760800.0       16417500.0       17074200.0       17730900.0       18387600.0       19044300.0       19701000.0       20357700.0       21014400.0       21671100.0       22327800.0       22984500.0       23641200.0       24297900.0       24954600.0       25611300.0       26268000.0       26924700.0       27581400.0       28238100.0       28894800.0       29551500.0       30208200.0       30864900.0       31521600.0       32178300.0       32835000.0       33491700.0       34148400.0       34805096.0       35461800.0       36118504.0       36775200.0       37431896.0       38088600.0       38745304.0    
   0.00000000       985050.000       1970100.00       2955150.00       3940200.00       4925250.00       5910300.00       6895350.00       7880400.00       8865450.00       9850500.00       10835550.0       11820600.0       12805650.0       13790700.0       14775750.0       15760800.0       16745850.0       17730900.0       18715948.0       19701000.0       20686052.0       21671100.0       22656144.0       23641200.0       24626256.0       25611300.0       26596344.0       27581400.0       28566456.0       29551500.0       30536540.0       31521600.0       32506660.0       33491700.0       34476740.0       35461800.0       36446860.0       37431896.0       38416940.0       39402000.0       40387064.0       41372104.0       42357136.0       43342200.0       44327264.0       45312288.0       46297336.0       47282400.0       48267464.0       49252512.0       50237536.0       51222600.0       52207664.0       53192688.0       54177736.0       55162800.0       56147864.0       57132912.0       58117932.0    
   0.00000000       1313400.00       2626800.00       3940200.00       5253600.00       6567000.00       7880400.00       9193800.00       10507200.0       11820600.0       13134000.0       14447400.0       15760800.0       17074200.0       18387600.0       19701000.0       21014400.0       22327800.0       23641200.0       24954600.0       26268000.0       27581400.0       28894800.0       30208200.0       31521600.0       32835000.0       34148400.0       35461800.0       36775200.0       38088600.0       39402000.0       40715400.0       42028800.0       43342200.0       44655600.0       45969000.0       47282400.0       48595800.0       49909200.0       51222600.0       52536000.0       53849400.0       55162800.0       56476200.0       57789600.0       59103000.0       60416400.0       61729800.0       63043200.0       64356600.0       65670000.0       66983400.0       68296800.0       69610192.0       70923600.0       72237008.0       73550400.0       74863792.0       76177200.0       77490608.0    
   0.00000000       1641750.00       3283500.00       4925250.00       6567000.00       8208750.00       9850500.00       11492250.0       13134000.0       14775750.0       16417500.0       18059252.0       19701000.0       21342748.0       22984500.0       24626256.0       26268000.0       27909744.0       29551500.0       31193260.0       32835000.0       34476740.0       36118504.0       37760260.0       39402000.0       41043736.0       42685496.0       44327264.0       45969000.0       47610736.0       49252512.0       50894264.0       52536000.0       54177736.0       55819488.0       57461268.0       59103000.0       60744732.0       62386520.0       64028268.0       65670000.0       67311736.0       68953480.0       70595264.0       72237008.0       73878728.0       75520520.0       77162256.0       78804000.0       80445744.0       82087472.0       83729272.0       85370992.0       87012720.0       88654528.0       90296264.0       91938000.0       93579736.0       95221472.0       96863280.0    
   0.00000000       1970100.00       3940200.00       5910300.00       7880400.00       9850500.00       11820600.0       13790700.0       15760800.0       17730900.0       19701000.0       21671100.0       23641200.0       25611300.0       27581400.0       29551500.0       31521600.0       33491700.0       35461800.0       37431896.0       39402000.0       41372104.0       43342200.0       45312288.0       47282400.0       49252512.0       51222600.0       53192688.0       55162800.0       57132912.0       59103000.0       61073080.0       63043200.0       65013320.0       66983400.0       68953480.0       70923600.0       72893720.0       74863792.0       76833880.0       78804000.0       80774128.0       82744208.0       84714272.0       86684400.0       88654528.0       90624576.0       92594672.0       94564800.0       96534928.0       98505024.0       100475072.       102445200.       104415328.       106385376.       108355472.       110325600.       112295728.       114265824.       116235864.    
   0.00000000       2298450.00       4596900.00       6895350.00       9193800.00       11492250.0       13790700.0       16089150.0       18387600.0       20686052.0       22984500.0       25282944.0       27581400.0       29879860.0       32178300.0       34476740.0       36775200.0       39073660.0       41372104.0       43670536.0       45969000.0       48267464.0       50565888.0       52864336.0       55162800.0       57461268.0       59759720.0       62058132.0       64356600.0       66655068.0       68953480.0       71251936.0       73550400.0       75848864.0       78147320.0       80445744.0       82744208.0       85042664.0       87341072.0       89639528.0       91938000.0       94236472.0       96534928.0       98833352.0       101131776.       103430256.       105728672.       108027120.       110325600.       112624080.       114922536.       117220944.       119519440.       121817848.       124116264.       126414712.       128713200.       131011688.       133310136.       135608544.    
   0.00000000       2626800.00       5253600.00       7880400.00       10507200.0       13134000.0       15760800.0       18387600.0       21014400.0       23641200.0       26268000.0       28894800.0       31521600.0       34148400.0       36775200.0       39402000.0       42028800.0       44655600.0       47282400.0       49909200.0       52536000.0       55162800.0       57789600.0       60416400.0       63043200.0       65670000.0       68296800.0       70923600.0       73550400.0       76177200.0       78804000.0       81430800.0       84057600.0       86684400.0       89311200.0       91938000.0       94564800.0       97191600.0       99818400.0       102445200.       105072000.       107698800.       110325600.       112952400.       115579200.       118206000.       120832800.       123459600.       126086400.       128713200.       131340000.       133966800.       136593600.       139220384.       141847200.       144474016.       147100800.       149727584.       152354400.       154981216.    
   0.00000000       2955150.00       5910300.00       8865450.00       11820600.0       14775750.0       17730900.0       20686052.0       23641200.0       26596344.0       29551500.0       32506660.0       35461800.0       38416940.0       41372104.0       44327264.0       47282400.0       50237536.0       53192688.0       56147864.0       59103000.0       62058132.0       65013320.0       67968464.0       70923600.0       73878728.0       76833880.0       79789064.0       82744208.0       85699344.0       88654528.0       91609680.0       94564800.0       97519920.0       100475072.       103430256.       106385376.       109340552.       112295728.       115250888.       118206000.       121161112.       124116264.       127071448.       130026640.       132981744.       135936928.       138892096.       141847200.       144802304.       147757456.       150712672.       153667760.       156622944.       159578128.       162533296.       165488416.       168443520.       171398688.       174353872.    
   0.00000000       3283500.00       6567000.00       9850500.00       13134000.0       16417500.0       19701000.0       22984500.0       26268000.0       29551500.0       32835000.0       36118504.0       39402000.0       42685496.0       45969000.0       49252512.0       52536000.0       55819488.0       59103000.0       62386520.0       65670000.0       68953480.0       72237008.0       75520520.0       78804000.0       82087472.0       85370992.0       88654528.0       91938000.0       95221472.0       98505024.0       101788528.       105072000.       108355472.       111638976.       114922536.       118206000.       121489464.       124773040.       128056536.       131340000.       134623472.       137906960.       141190528.       144474016.       147757456.       151041040.       154324512.       157608000.       160891488.       164174944.       167458544.       170741984.       174025440.       177309056.       180592528.       183876000.       187159472.       190442944.       193726560.    
   0.00000000       3611850.00       7223700.00       10835550.0       14447400.0       18059252.0       21671100.0       25282944.0       28894800.0       32506660.0       36118504.0       39730340.0       43342200.0       46954064.0       50565888.0       54177736.0       57789600.0       61401468.0       65013320.0       68625136.0       72237008.0       75848864.0       79460680.0       83072536.0       86684400.0       90296264.0       93908128.0       97519920.0       101131776.       104743688.       108355472.       111967344.       115579200.       119191056.       122802936.       126414712.       130026640.       133638496.       137250272.       140862144.       144474016.       148085856.       151697728.       155309520.       158921360.       162533296.       166145072.       169756944.       173368800.       176980656.       180592528.       184204320.       187816256.       191428080.       195039840.       198651728.       202263552.       205875456.       209487376.       213099120.    
   0.00000000       3940200.00       7880400.00       11820600.0       15760800.0       19701000.0       23641200.0       27581400.0       31521600.0       35461800.0       39402000.0       43342200.0       47282400.0       51222600.0       55162800.0       59103000.0       63043200.0       66983400.0       70923600.0       74863792.0       78804000.0       82744208.0       86684400.0       90624576.0       94564800.0       98505024.0       102445200.       106385376.       110325600.       114265824.       118206000.       122146160.       126086400.       130026640.       133966800.       137906960.       141847200.       145787440.       149727584.       153667760.       157608000.       161548256.       165488416.       169428544.       173368800.       177309056.       181249152.       185189344.       189129600.       193069856.       197010048.       200950144.       204890400.       208830656.       212770752.       216710944.       220651200.       224591456.       228531648.       232471728.    
   0.00000000       4268550.00       8537100.00       12805650.0       17074200.0       21342748.0       25611300.0       29879860.0       34148400.0       38416940.0       42685496.0       46954064.0       51222600.0       55491136.0       59759720.0       64028268.0       68296800.0       72565336.0       76833880.0       81102464.0       85370992.0       89639528.0       93908128.0       98176656.0       102445200.       106713744.       110982272.       115250888.       119519440.       123787920.       128056536.       132325048.       136593600.       140862144.       145130672.       149399296.       153667760.       157936320.       162204928.       166473456.       170741984.       175010544.       179279056.       183547680.       187816256.       192084720.       196353312.       200621872.       204890400.       209158944.       213427488.       217696080.       221964544.       226233136.       230501776.       234770272.       239038880.       243307328.       247575840.       251844480.    
   0.00000000       4596900.00       9193800.00       13790700.0       18387600.0       22984500.0       27581400.0       32178300.0       36775200.0       41372104.0       45969000.0       50565888.0       55162800.0       59759720.0       64356600.0       68953480.0       73550400.0       78147320.0       82744208.0       87341072.0       91938000.0       96534928.0       101131776.       105728672.       110325600.       114922536.       119519440.       124116264.       128713200.       133310136.       137906960.       142503872.       147100800.       151697728.       156294640.       160891488.       165488416.       170085328.       174682144.       179279056.       183876000.       188472944.       193069856.       197666704.       202263552.       206860512.       211457344.       216054240.       220651200.       225248160.       229845072.       234441888.       239038880.       243635696.       248232528.       252829424.       257426400.       262023376.       266620272.       271217088.    
   0.00000000       4925250.00       9850500.00       14775750.0       19701000.0       24626256.0       29551500.0       34476740.0       39402000.0       44327264.0       49252512.0       54177736.0       59103000.0       64028268.0       68953480.0       73878728.0       78804000.0       83729272.0       88654528.0       93579736.0       98505024.0       103430256.       108355472.       113280720.       118206000.       123131280.       128056536.       132981744.       137906960.       142832256.       147757456.       152682720.       157608000.       162533296.       167458544.       172383744.       177309056.       182234256.       187159472.       192084720.       197010048.       201935264.       206860512.       211785728.       216710944.       221636272.       226561440.       231486736.       236412000.       241337264.       246262560.       251187712.       256113072.       261038272.       265963488.       270888736.       275813920.       280739232.       285664512.       290589728.    
   0.00000000       5253600.00       10507200.0       15760800.0       21014400.0       26268000.0       31521600.0       36775200.0       42028800.0       47282400.0       52536000.0       57789600.0       63043200.0       68296800.0       73550400.0       78804000.0       84057600.0       89311200.0       94564800.0       99818400.0       105072000.       110325600.       115579200.       120832800.       126086400.       131340000.       136593600.       141847200.       147100800.       152354400.       157608000.       162861600.       168115200.       173368800.       178622400.       183876000.       189129600.       194383200.       199636800.       204890400.       210144000.       215397600.       220651200.       225904800.       231158400.       236412000.       241665600.       246919200.       252172800.       257426400.       262680000.       267933600.       273187200.       278440768.       283694400.       288948032.       294201600.       299455168.       304708800.       309962432.    
   0.00000000       5581950.00       11163900.0       16745850.0       22327800.0       27909744.0       33491700.0       39073660.0       44655600.0       50237536.0       55819488.0       61401468.0       66983400.0       72565336.0       78147320.0       83729272.0       89311200.0       94893128.0       100475072.       106057048.       111638976.       117220944.       122802936.       128384896.       133966800.       139548704.       145130672.       150712672.       156294640.       161876544.       167458544.       173040480.       178622400.       184204320.       189786256.       195368272.       200950144.       206532128.       212114096.       217696080.       223277952.       228859920.       234441888.       240023872.       245605872.       251187712.       256769792.       262351664.       267933600.       273515520.       279097408.       284679456.       290261344.       295843328.       301425344.       307007264.       312589280.       318171136.       323753088.       329335040.    
   0.00000000       5910300.00       11820600.0       17730900.0       23641200.0       29551500.0       35461800.0       41372104.0       47282400.0       53192688.0       59103000.0       65013320.0       70923600.0       76833880.0       82744208.0       88654528.0       94564800.0       100475072.       106385376.       112295728.       118206000.       124116264.       130026640.       135936928.       141847200.       147757456.       153667760.       159578128.       165488416.       171398688.       177309056.       183219360.       189129600.       195039840.       200950144.       206860512.       212770752.       218681104.       224591456.       230501776.       236412000.       242322224.       248232528.       254142896.       260053280.       265963488.       271873856.       277784192.       283694400.       289604608.       295514912.       301425344.       307335520.       313245888.       319156256.       325066592.       330976832.       336887040.       342797376.       348707744.    
   0.00000000       6238650.00       12477300.0       18715948.0       24954600.0       31193260.0       37431896.0       43670536.0       49909200.0       56147864.0       62386520.0       68625136.0       74863792.0       81102464.0       87341072.0       93579736.0       99818400.0       106057048.       112295728.       118534320.       124773040.       131011688.       137250272.       143488944.       149727584.       155966256.       162204928.       168443520.       174682144.       180920880.       187159472.       193398128.       199636800.       205875456.       212114096.       218352720.       224591456.       230830064.       237068640.       243307328.       249546080.       255784672.       262023376.       268261936.       274500544.       280739232.       286977888.       293216544.       299455168.       305693888.       311932512.       318171136.       324409856.       330648448.       336887040.       343125760.       349364288.       355603072.       361841760.       368080320.    
   0.00000000       6567000.00       13134000.0       19701000.0       26268000.0       32835000.0       39402000.0       45969000.0       52536000.0       59103000.0       65670000.0       72237008.0       78804000.0       85370992.0       91938000.0       98505024.0       105072000.       111638976.       118206000.       124773040.       131340000.       137906960.       144474016.       151041040.       157608000.       164174944.       170741984.       177309056.       183876000.       190442944.       197010048.       203577056.       210144000.       216710944.       223277952.       229845072.       236412000.       242978928.       249546080.       256113072.       262680000.       269246944.       275813920.       282381056.       288948032.       295514912.       302082080.       308649024.       315216000.       321782976.       328349888.       334917088.       341483968.       348050880.       354618112.       361185056.       367752000.       374318944.       380885888.       387453120.    
   0.00000000       6895350.00       13790700.0       20686052.0       27581400.0       34476740.0       41372104.0       48267464.0       55162800.0       62058132.0       68953480.0       75848864.0       82744208.0       89639528.0       96534928.0       103430256.       110325600.       117220944.       124116264.       131011688.       137906960.       144802304.       151697728.       158593056.       165488416.       172383744.       179279056.       186174480.       193069856.       199965120.       206860512.       213755872.       220651200.       227546528.       234441888.       241337264.       248232528.       255127936.       262023376.       268918656.       275813920.       282709344.       289604608.       296500064.       303395456.       310290752.       317186112.       324081472.       330976832.       337872128.       344767488.       351662848.       358558112.       365453568.       372348960.       379244224.       386139712.       393034944.       399930240.       406825664.    
   0.00000000       7223700.00       14447400.0       21671100.0       28894800.0       36118504.0       43342200.0       50565888.0       57789600.0       65013320.0       72237008.0       79460680.0       86684400.0       93908128.0       101131776.       108355472.       115579200.       122802936.       130026640.       137250272.       144474016.       151697728.       158921360.       166145072.       173368800.       180592528.       187816256.       195039840.       202263552.       209487376.       216710944.       223934688.       231158400.       238382112.       245605872.       252829424.       260053280.       267276992.       274500544.       281724288.       288948032.       296171712.       303395456.       310619040.       317842720.       325066592.       332290144.       339513888.       346737600.       353961312.       361185056.       368408640.       375632512.       382856160.       390079680.       397303456.       404527104.       411750912.       418974752.       426198240.    
   0.00000000       7552050.00       15104100.0       22656144.0       30208200.0       37760260.0       45312288.0       52864336.0       60416400.0       67968464.0       75520520.0       83072536.0       90624576.0       98176656.0       105728672.       113280720.       120832800.       128384896.       135936928.       143488944.       151041040.       158593056.       166145072.       173697120.       181249152.       188801280.       196353312.       203905328.       211457344.       219009472.       226561440.       234113520.       241665600.       249217680.       256769792.       264321712.       271873856.       279425856.       286977888.       294529920.       302082080.       309634048.       317186112.       324738144.       332290144.       339842240.       347394240.       354946368.       362498304.       370050432.       377602560.       385154560.       392706624.       400258624.       407810656.       415362752.       422914688.       430466880.       438018944.       445570944.    
   0.00000000       7880400.00       15760800.0       23641200.0       31521600.0       39402000.0       47282400.0       55162800.0       63043200.0       70923600.0       78804000.0       86684400.0       94564800.0       102445200.       110325600.       118206000.       126086400.       133966800.       141847200.       149727584.       157608000.       165488416.       173368800.       181249152.       189129600.       197010048.       204890400.       212770752.       220651200.       228531648.       236412000.       244292320.       252172800.       260053280.       267933600.       275813920.       283694400.       291574880.       299455168.       307335520.       315216000.       323096512.       330976832.       338857088.       346737600.       354618112.       362498304.       370378688.       378259200.       386139712.       394020096.       401900288.       409780800.       417661312.       425541504.       433421888.       441302400.       449182912.       457063296.       464943456.    
   0.00000000       8208750.00       16417500.0       24626256.0       32835000.0       41043736.0       49252512.0       57461268.0       65670000.0       73878728.0       82087472.0       90296264.0       98505024.0       106713744.       114922536.       123131280.       131340000.       139548704.       147757456.       155966256.       164174944.       172383744.       180592528.       188801280.       197010048.       205218720.       213427488.       221636272.       229845072.       238053728.       246262560.       254471264.       262680000.       270888736.       279097408.       287306272.       295514912.       303723712.       311932512.       320141216.       328349888.       336558720.       344767488.       352976256.       361185056.       369393728.       377602560.       385811264.       394020096.       402228736.       410437440.       418646272.       426854976.       435063744.       443272544.       451481280.       459690144.       467898752.       476107456.       484316224.    
   0.00000000       8537100.00       17074200.0       25611300.0       34148400.0       42685496.0       51222600.0       59759720.0       68296800.0       76833880.0       85370992.0       93908128.0       102445200.       110982272.       119519440.       128056536.       136593600.       145130672.       153667760.       162204928.       170741984.       179279056.       187816256.       196353312.       204890400.       213427488.       221964544.       230501776.       239038880.       247575840.       256113072.       264650096.       273187200.       281724288.       290261344.       298798592.       307335520.       315872640.       324409856.       332946912.       341483968.       350021088.       358558112.       367095360.       375632512.       384169440.       392706624.       401243744.       409780800.       418317888.       426854976.       435392160.       443929088.       452466272.       461003552.       469540544.       478077760.       486614656.       495151680.       503688960.    
   0.00000000       8865450.00       17730900.0       26596344.0       35461800.0       44327264.0       53192688.0       62058132.0       70923600.0       79789064.0       88654528.0       97519920.0       106385376.       115250888.       124116264.       132981744.       141847200.       150712672.       159578128.       168443520.       177309056.       186174480.       195039840.       203905328.       212770752.       221636272.       230501776.       239367120.       248232528.       257098080.       265963488.       274828896.       283694400.       292559872.       301425344.       310290752.       319156256.       328021664.       336887040.       345752576.       354618112.       363483456.       372348960.       381214336.       390079680.       398945280.       407810656.       416676160.       425541504.       434407040.       443272544.       452137920.       461003552.       469868864.       478734240.       487599744.       496465056.       505330624.       514196160.       523061568.    
   0.00000000       9193800.00       18387600.0       27581400.0       36775200.0       45969000.0       55162800.0       64356600.0       73550400.0       82744208.0       91938000.0       101131776.       110325600.       119519440.       128713200.       137906960.       147100800.       156294640.       165488416.       174682144.       183876000.       193069856.       202263552.       211457344.       220651200.       229845072.       239038880.       248232528.       257426400.       266620272.       275813920.       285007744.       294201600.       303395456.       312589280.       321782976.       330976832.       340170656.       349364288.       358558112.       367752000.       376945888.       386139712.       395333408.       404527104.       413721024.       422914688.       432108480.       441302400.       450496320.       459690144.       468883776.       478077760.       487271392.       496465056.       505658848.       514852800.       524046752.       533240544.       542434176.    
   0.00000000       9522150.00       19044300.0       28566456.0       38088600.0       47610736.0       57132912.0       66655068.0       76177200.0       85699344.0       95221472.0       104743688.       114265824.       123787920.       133310136.       142832256.       152354400.       161876544.       171398688.       180920880.       190442944.       199965120.       209487376.       219009472.       228531648.       238053728.       247575840.       257098080.       266620272.       276142336.       285664512.       295186656.       304708800.       314230944.       323753088.       333275264.       342797376.       352319552.       361841760.       371363840.       380885888.       390408128.       399930240.       409452480.       418974752.       428496704.       438018944.       447541056.       457063296.       466585344.       476107456.       485629696.       495151680.       504673920.       514196160.       523718272.       533240544.       542762560.       552284672.       561806848.    
   0.00000000       9850500.00       19701000.0       29551500.0       39402000.0       49252512.0       59103000.0       68953480.0       78804000.0       88654528.0       98505024.0       108355472.       118206000.       128056536.       137906960.       147757456.       157608000.       167458544.       177309056.       187159472.       197010048.       206860512.       216710944.       226561440.       236412000.       246262560.       256113072.       265963488.       275813920.       285664512.       295514912.       305365440.       315216000.       325066592.       334917088.       344767488.       354618112.       364468512.       374318944.       384169440.       394020096.       403870528.       413721024.       423571456.       433421888.       443272544.       453122880.       462973472.       472824000.       482674528.       492525120.       502375424.       512226144.       522076544.       531926976.       541777472.       551627840.       561478464.       571329024.       581179456.    
   0.00000000       10178850.0       20357700.0       30536540.0       40715400.0       50894264.0       61073080.0       71251936.0       81430800.0       91609680.0       101788528.       111967344.       122146160.       132325048.       142503872.       152682720.       162861600.       173040480.       183219360.       193398128.       203577056.       213755872.       223934688.       234113520.       244292320.       254471264.       264650096.       274828896.       285007744.       295186656.       305365440.       315544320.       325723200.       335902080.       346080960.       356259776.       366438720.       376617472.       386796256.       396975168.       407154112.       417332864.       427511744.       437690560.       447869376.       458048256.       468227040.       478405952.       488584640.       498763648.       508942528.       519121344.       529300192.       539479040.       549657792.       559836736.       570015488.       580194432.       590373312.       600552128.    
   0.00000000       10507200.0       21014400.0       31521600.0       42028800.0       52536000.0       63043200.0       73550400.0       84057600.0       94564800.0       105072000.       115579200.       126086400.       136593600.       147100800.       157608000.       168115200.       178622400.       189129600.       199636800.       210144000.       220651200.       231158400.       241665600.       252172800.       262680000.       273187200.       283694400.       294201600.       304708800.       315216000.       325723200.       336230400.       346737600.       357244800.       367752000.       378259200.       388766400.       399273600.       409780800.       420288000.       430795200.       441302400.       451809600.       462316800.       472824000.       483331200.       493838400.       504345600.       514852800.       525360000.       535867200.       546374400.       556881536.       567388800.       577896064.       588403200.       598910336.       609417600.       619924864.    
   0.00000000       10835550.0       21671100.0       32506660.0       43342200.0       54177736.0       65013320.0       75848864.0       86684400.0       97519920.0       108355472.       119191056.       130026640.       140862144.       151697728.       162533296.       173368800.       184204320.       195039840.       205875456.       216710944.       227546528.       238382112.       249217680.       260053280.       270888736.       281724288.       292559872.       303395456.       314230944.       325066592.       335902080.       346737600.       357573120.       368408640.       379244224.       390079680.       400915328.       411750912.       422586496.       433421888.       444257536.       455093056.       465928640.       476764224.       487599744.       498435360.       509270848.       520106560.       530941952.       541777472.       552613056.       563448576.       574284160.       585119744.       595955200.       606790912.       617626240.       628461888.       639297472.    
   0.00000000       11163900.0       22327800.0       33491700.0       44655600.0       55819488.0       66983400.0       78147320.0       89311200.0       100475072.       111638976.       122802936.       133966800.       145130672.       156294640.       167458544.       178622400.       189786256.       200950144.       212114096.       223277952.       234441888.       245605872.       256769792.       267933600.       279097408.       290261344.       301425344.       312589280.       323753088.       334917088.       346080960.       357244800.       368408640.       379572512.       390736544.       401900288.       413064256.       424228192.       435392160.       446555904.       457719840.       468883776.       480047744.       491211744.       502375424.       513539584.       524703328.       535867200.       547031040.       558194816.       569358912.       580522688.       591686656.       602850688.       614014528.       625178560.       636342272.       647506176.       658670080.    
   0.00000000       11492250.0       22984500.0       34476740.0       45969000.0       57461268.0       68953480.0       80445744.0       91938000.0       103430256.       114922536.       126414712.       137906960.       149399296.       160891488.       172383744.       183876000.       195368272.       206860512.       218352720.       229845072.       241337264.       252829424.       264321712.       275813920.       287306272.       298798592.       310290752.       321782976.       333275264.       344767488.       356259776.       367752000.       379244224.       390736544.       402228736.       413721024.       425213248.       436705440.       448197760.       459690144.       471182272.       482674528.       494166720.       505658848.       517151232.       528643424.       540135744.       551627840.       563120256.       574612544.       586104768.       597597184.       609089280.       620581504.       632073728.       643565952.       655058368.       666550528.       678042624.    
   0.00000000       11820600.0       23641200.0       35461800.0       47282400.0       59103000.0       70923600.0       82744208.0       94564800.0       106385376.       118206000.       130026640.       141847200.       153667760.       165488416.       177309056.       189129600.       200950144.       212770752.       224591456.       236412000.       248232528.       260053280.       271873856.       283694400.       295514912.       307335520.       319156256.       330976832.       342797376.       354618112.       366438720.       378259200.       390079680.       401900288.       413721024.       425541504.       437362208.       449182912.       461003552.       472824000.       484644448.       496465056.       508285792.       520106560.       531926976.       543747712.       555568384.       567388800.       579209216.       591029824.       602850688.       614671040.       626491776.       638312512.       650133184.       661953664.       673774080.       685594752.       697415488.    
   0.00000000       12148950.0       24297900.0       36446860.0       48595800.0       60744732.0       72893720.0       85042664.0       97191600.0       109340552.       121489464.       133638496.       145787440.       157936320.       170085328.       182234256.       194383200.       206532128.       218681104.       230830064.       242978928.       255127936.       267276992.       279425856.       291574880.       303723712.       315872640.       328021664.       340170656.       352319552.       364468512.       376617472.       388766400.       400915328.       413064256.       425213248.       437362208.       449511104.       461660128.       473809024.       485957856.       498106944.       510255872.       522404864.       534553984.       546702720.       558851712.       571000640.       583149760.       595298560.       607447424.       619596544.       631745280.       643894464.       656043328.       668192256.       680341312.       692490240.       704639104.       716788032.    
   0.00000000       12477300.0       24954600.0       37431896.0       49909200.0       62386520.0       74863792.0       87341072.0       99818400.0       112295728.       124773040.       137250272.       149727584.       162204928.       174682144.       187159472.       199636800.       212114096.       224591456.       237068640.       249546080.       262023376.       274500544.       286977888.       299455168.       311932512.       324409856.       336887040.       349364288.       361841760.       374318944.       386796256.       399273600.       411750912.       424228192.       436705440.       449182912.       461660128.       474137280.       486614656.       499092160.       511569344.       524046752.       536523872.       549001088.       561478464.       573955776.       586433088.       598910336.       611387776.       623865024.       636342272.       648819712.       661296896.       673774080.       686251520.       698728576.       711206144.       723683520.       736160640.    
