0.0 0.0 0.0 0.0 0.0 0.0 0.0 0.0 0.0 0.0 0.0 0.0 0.0 0.0 0.0 0.0 0.0 0.0 0.0 0.0 0.0 0.0 0.0 0.0 0.0 0.0 0.0 0.0 0.0 0.0 0.0 0.0 0.0 0.0 0.0 0.0 0.0 0.0 0.0 0.0 0.0 0.0 0.0 0.0 0.0 0.0 0.0 0.0 0.0 0.0 0.0 0.0 0.0 0.0 0.0 0.0 0.0 0.0 0.0 0.0
0.0 328350.0 656700.0 985050.0 1313400.0 1641750.0 1970100.0 2298450.0 2626800.0 2955150.0 3283500.0 3611850.0 3940200.0 4268550.0 4596900.0 4925250.0 5253600.0 5581950.0 5910300.0 6238650.0 6567000.0 6895350.0 7223700.0 7552050.0 7880400.0 8208750.0 8537100.0 8865450.0 9193800.0 9522150.0 9850500.0 10178850.0 10507200.0 10835550.0 11163900.0 11492250.0 11820600.0 12148950.0 12477300.0 12805650.0 13134000.0 13462350.0 13790700.0 14119050.0 14447400.0 14775750.0 15104100.0 15432450.0 15760800.0 16089150.0 16417500.0 16745850.0 17074200.0 17402550.0 17730900.0 18059250.0 18387600.0 18715950.0 19044300.0 19372650.0
0.0 656700.0 1313400.0 1970100.0 2626800.0 3283500.0 3940200.0 4596900.0 5253600.0 5910300.0 6567000.0 7223700.0 7880400.0 8537100.0 9193800.0 9850500.0 10507200.0 11163900.0 11820600.0 12477300.0 13134000.0 13790700.0 14447400.0 15104100.0 15760800.0 16417500.0 17074200.0 17730900.0 18387600.0 19044300.0 19701000.0 20357700.0 21014400.0 21671100.0 22327800.0 22984500.0 23641200.0 24297900.0 24954600.0 25611300.0 26268000.0 26924700.0 27581400.0 28238100.0 28894800.0 29551500.0 30208200.0 30864900.0 31521600.0 32178300.0 32835000.0 33491700.0 34148400.0 34805100.0 35461800.0 36118500.0 36775200.0 37431900.0 38088600.0 38745300.0
0.0 985050.0 1970100.0 2955150.0 3940200.0 4925250.0 5910300.0 6895350.0 7880400.0 8865450.0 9850500.0 10835550.0 11820600.0 12805650.0 13790700.0 14775750.0 15760800.0 16745850.0 17730900.0 18715950.0 19701000.0 20686050.0 21671100.0 22656150.0 23641200.0 24626250.0 25611300.0 26596350.0 27581400.0 28566450.0 29551500.0 30536550.0 31521600.0 32506650.0 33491700.0 34476750.0 35461800.0 36446850.0 37431900.0 38416950.0 39402000.0 40387050.0 41372100.0 42357150.0 43342200.0 44327250.0 45312300.0 46297350.0 47282400.0 48267450.0 49252500.0 50237550.0 51222600.0 52207650.0 53192700.0 54177750.0 55162800.0 56147850.0 57132900.0 58117950.0
0.0 1313400.0 2626800.0 3940200.0 5253600.0 6567000.0 7880400.0 9193800.0 10507200.0 11820600.0 13134000.0 14447400.0 15760800.0 17074200.0 18387600.0 19701000.0 21014400.0 22327800.0 23641200.0 24954600.0 26268000.0 27581400.0 28894800.0 30208200.0 31521600.0 32835000.0 34148400.0 35461800.0 36775200.0 38088600.0 39402000.0 40715400.0 42028800.0 43342200.0 44655600.0 45969000.0 47282400.0 48595800.0 49909200.0 51222600.0 52536000.0 53849400.0 55162800.0 56476200.0 57789600.0 59103000.0 60416400.0 61729800.0 63043200.0 64356600.0 65670000.0 66983400.0 68296800.0 69610200.0 70923600.0 72237000.0 73550400.0 74863800.0 76177200.0 77490600.0
0.0 1641750.0 3283500.0 4925250.0 6567000.0 8208750.0 9850500.0 11492250.0 13134000.0 14775750.0 16417500.0 18059250.0 19701000.0 21342750.0 22984500.0 24626250.0 26268000.0 27909750.0 29551500.0 31193250.0 32835000.0 34476750.0 36118500.0 37760250.0 39402000.0 41043750.0 42685500.0 44327250.0 45969000.0 47610750.0 49252500.0 50894250.0 52536000.0 54177750.0 55819500.0 57461250.0 59103000.0 60744750.0 62386500.0 64028250.0 65670000.0 67311750.0 68953500.0 70595250.0 72237000.0 73878750.0 75520500.0 77162250.0 78804000.0 80445750.0 82087500.0 83729250.0 85371000.0 87012750.0 88654500.0 90296250.0 91938000.0 93579750.0 95221500.0 96863250.0
0.0 1970100.0 3940200.0 5910300.0 7880400.0 9850500.0 11820600.0 13790700.0 15760800.0 17730900.0 19701000.0 21671100.0 23641200.0 25611300.0 27581400.0 29551500.0 31521600.0 33491700.0 35461800.0 37431900.0 39402000.0 41372100.0 43342200.0 45312300.0 47282400.0 49252500.0 51222600.0 53192700.0 55162800.0 57132900.0 59103000.0 61073100.0 63043200.0 65013300.0 66983400.0 68953500.0 70923600.0 72893700.0 74863800.0 76833900.0 78804000.0 80774100.0 82744200.0 84714300.0 86684400.0 88654500.0 90624600.0 92594700.0 94564800.0 96534900.0 98505000.0 100475100.0 102445200.0 104415300.0 106385400.0 108355500.0 110325600.0 112295700.0 114265800.0 116235900.0
0.0 2298450.0 4596900.0 6895350.0 9193800.0 11492250.0 13790700.0 16089150.0 18387600.0 20686050.0 22984500.0 25282950.0 27581400.0 29879850.0 32178300.0 34476750.0 36775200.0 39073650.0 41372100.0 43670550.0 45969000.0 48267450.0 50565900.0 52864350.0 55162800.0 57461250.0 59759700.0 62058150.0 64356600.0 66655050.0 68953500.0 71251950.0 73550400.0 75848850.0 78147300.0 80445750.0 82744200.0 85042650.0 87341100.0 89639550.0 91938000.0 94236450.0 96534900.0 98833350.0 101131800.0 103430250.0 105728700.0 108027150.0 110325600.0 112624050.0 114922500.0 117220950.0 119519400.0 121817850.0 124116300.0 126414750.0 128713200.0 131011650.0 133310100.0 135608550.0
0.0 2626800.0 5253600.0 7880400.0 10507200.0 13134000.0 15760800.0 18387600.0 21014400.0 23641200.0 26268000.0 28894800.0 31521600.0 34148400.0 36775200.0 39402000.0 42028800.0 44655600.0 47282400.0 49909200.0 52536000.0 55162800.0 57789600.0 60416400.0 63043200.0 65670000.0 68296800.0 70923600.0 73550400.0 76177200.0 78804000.0 81430800.0 84057600.0 86684400.0 89311200.0 91938000.0 94564800.0 97191600.0 99818400.0 102445200.0 105072000.0 107698800.0 110325600.0 112952400.0 115579200.0 118206000.0 120832800.0 123459600.0 126086400.0 128713200.0 131340000.0 133966800.0 136593600.0 139220400.0 141847200.0 144474000.0 147100800.0 149727600.0 152354400.0 154981200.0
0.0 2955150.0 5910300.0 8865450.0 11820600.0 14775750.0 17730900.0 20686050.0 23641200.0 26596350.0 29551500.0 32506650.0 35461800.0 38416950.0 41372100.0 44327250.0 47282400.0 50237550.0 53192700.0 56147850.0 59103000.0 62058150.0 65013300.0 67968450.0 70923600.0 73878750.0 76833900.0 79789050.0 82744200.0 85699350.0 88654500.0 91609650.0 94564800.0 97519950.0 100475100.0 103430250.0 106385400.0 109340550.0 112295700.0 115250850.0 118206000.0 121161150.0 124116300.0 127071450.0 130026600.0 132981750.0 135936900.0 138892050.0 141847200.0 144802350.0 147757500.0 150712650.0 153667800.0 156622950.0 159578100.0 162533250.0 165488400.0 168443550.0 171398700.0 174353850.0
0.0 3283500.0 6567000.0 9850500.0 13134000.0 16417500.0 19701000.0 22984500.0 26268000.0 29551500.0 32835000.0 36118500.0 39402000.0 42685500.0 45969000.0 49252500.0 52536000.0 55819500.0 59103000.0 62386500.0 65670000.0 68953500.0 72237000.0 75520500.0 78804000.0 82087500.0 85371000.0 88654500.0 91938000.0 95221500.0 98505000.0 101788500.0 105072000.0 108355500.0 111639000.0 114922500.0 118206000.0 121489500.0 124773000.0 128056500.0 131340000.0 134623500.0 137907000.0 141190500.0 144474000.0 147757500.0 151041000.0 154324500.0 157608000.0 160891500.0 164175000.0 167458500.0 170742000.0 174025500.0 177309000.0 180592500.0 183876000.0 187159500.0 190443000.0 193726500.0
0.0 3611850.0 7223700.0 10835550.0 14447400.0 18059250.0 21671100.0 25282950.0 28894800.0 32506650.0 36118500.0 39730350.0 43342200.0 46954050.0 50565900.0 54177750.0 57789600.0 61401450.0 65013300.0 68625150.0 72237000.0 75848850.0 79460700.0 83072550.0 86684400.0 90296250.0 93908100.0 97519950.0 101131800.0 104743650.0 108355500.0 111967350.0 115579200.0 119191050.0 122802900.0 126414750.0 130026600.0 133638450.0 137250300.0 140862150.0 144474000.0 148085850.0 151697700.0 155309550.0 158921400.0 162533250.0 166145100.0 169756950.0 173368800.0 176980650.0 180592500.0 184204350.0 187816200.0 191428050.0 195039900.0 198651750.0 202263600.0 205875450.0 209487300.0 213099150.0
0.0 3940200.0 7880400.0 11820600.0 15760800.0 19701000.0 23641200.0 27581400.0 31521600.0 35461800.0 39402000.0 43342200.0 47282400.0 51222600.0 55162800.0 59103000.0 63043200.0 66983400.0 70923600.0 74863800.0 78804000.0 82744200.0 86684400.0 90624600.0 94564800.0 98505000.0 102445200.0 106385400.0 110325600.0 114265800.0 118206000.0 122146200.0 126086400.0 130026600.0 133966800.0 137907000.0 141847200.0 145787400.0 149727600.0 153667800.0 157608000.0 161548200.0 165488400.0 169428600.0 173368800.0 177309000.0 181249200.0 185189400.0 189129600.0 193069800.0 197010000.0 200950200.0 204890400.0 208830600.0 212770800.0 216711000.0 220651200.0 224591400.0 228531600.0 232471800.0
0.0 4268550.0 8537100.0 12805650.0 17074200.0 21342750.0 25611300.0 29879850.0 34148400.0 38416950.0 42685500.0 46954050.0 51222600.0 55491150.0 59759700.0 64028250.0 68296800.0 72565350.0 76833900.0 81102450.0 85371000.0 89639550.0 93908100.0 98176650.0 102445200.0 106713750.0 110982300.0 115250850.0 119519400.0 123787950.0 128056500.0 132325050.0 136593600.0 140862150.0 145130700.0 149399250.0 153667800.0 157936350.0 162204900.0 166473450.0 170742000.0 175010550.0 179279100.0 183547650.0 187816200.0 192084750.0 196353300.0 200621850.0 204890400.0 209158950.0 213427500.0 217696050.0 221964600.0 226233150.0 230501700.0 234770250.0 239038800.0 243307350.0 247575900.0 251844450.0
0.0 4596900.0 9193800.0 13790700.0 18387600.0 22984500.0 27581400.0 32178300.0 36775200.0 41372100.0 45969000.0 50565900.0 55162800.0 59759700.0 64356600.0 68953500.0 73550400.0 78147300.0 82744200.0 87341100.0 91938000.0 96534900.0 101131800.0 105728700.0 110325600.0 114922500.0 119519400.0 124116300.0 128713200.0 133310100.0 137907000.0 142503900.0 147100800.0 151697700.0 156294600.0 160891500.0 165488400.0 170085300.0 174682200.0 179279100.0 183876000.0 188472900.0 193069800.0 197666700.0 202263600.0 206860500.0 211457400.0 216054300.0 220651200.0 225248100.0 229845000.0 234441900.0 239038800.0 243635700.0 248232600.0 252829500.0 257426400.0 262023300.0 266620200.0 271217100.0
0.0 4925250.0 9850500.0 14775750.0 19701000.0 24626250.0 29551500.0 34476750.0 39402000.0 44327250.0 49252500.0 54177750.0 59103000.0 64028250.0 68953500.0 73878750.0 78804000.0 83729250.0 88654500.0 93579750.0 98505000.0 103430250.0 108355500.0 113280750.0 118206000.0 123131250.0 128056500.0 132981750.0 137907000.0 142832250.0 147757500.0 152682750.0 157608000.0 162533250.0 167458500.0 172383750.0 177309000.0 182234250.0 187159500.0 192084750.0 197010000.0 201935250.0 206860500.0 211785750.0 216711000.0 221636250.0 226561500.0 231486750.0 236412000.0 241337250.0 246262500.0 251187750.0 256113000.0 261038250.0 265963500.0 270888750.0 275814000.0 280739250.0 285664500.0 290589750.0
0.0 5253600.0 10507200.0 15760800.0 21014400.0 26268000.0 31521600.0 36775200.0 42028800.0 47282400.0 52536000.0 57789600.0 63043200.0 68296800.0 73550400.0 78804000.0 84057600.0 89311200.0 94564800.0 99818400.0 105072000.0 110325600.0 115579200.0 120832800.0 126086400.0 131340000.0 136593600.0 141847200.0 147100800.0 152354400.0 157608000.0 162861600.0 168115200.0 173368800.0 178622400.0 183876000.0 189129600.0 194383200.0 199636800.0 204890400.0 210144000.0 215397600.0 220651200.0 225904800.0 231158400.0 236412000.0 241665600.0 246919200.0 252172800.0 257426400.0 262680000.0 267933600.0 273187200.0 278440800.0 283694400.0 288948000.0 294201600.0 299455200.0 304708800.0 309962400.0
0.0 5581950.0 11163900.0 16745850.0 22327800.0 27909750.0 33491700.0 39073650.0 44655600.0 50237550.0 55819500.0 61401450.0 66983400.0 72565350.0 78147300.0 83729250.0 89311200.0 94893150.0 100475100.0 106057050.0 111639000.0 117220950.0 122802900.0 128384850.0 133966800.0 139548750.0 145130700.0 150712650.0 156294600.0 161876550.0 167458500.0 173040450.0 178622400.0 184204350.0 189786300.0 195368250.0 200950200.0 206532150.0 212114100.0 217696050.0 223278000.0 228859950.0 234441900.0 240023850.0 245605800.0 251187750.0 256769700.0 262351650.0 267933600.0 273515550.0 279097500.0 284679450.0 290261400.0 295843350.0 301425300.0 307007250.0 312589200.0 318171150.0 323753100.0 329335050.0
0.0 5910300.0 11820600.0 17730900.0 23641200.0 29551500.0 35461800.0 41372100.0 47282400.0 53192700.0 59103000.0 65013300.0 70923600.0 76833900.0 82744200.0 88654500.0 94564800.0 100475100.0 106385400.0 112295700.0 118206000.0 124116300.0 130026600.0 135936900.0 141847200.0 147757500.0 153667800.0 159578100.0 165488400.0 171398700.0 177309000.0 183219300.0 189129600.0 195039900.0 200950200.0 206860500.0 212770800.0 218681100.0 224591400.0 230501700.0 236412000.0 242322300.0 248232600.0 254142900.0 260053200.0 265963500.0 271873800.0 277784100.0 283694400.0 289604700.0 295515000.0 301425300.0 307335600.0 313245900.0 319156200.0 325066500.0 330976800.0 336887100.0 342797400.0 348707700.0
0.0 6238650.0 12477300.0 18715950.0 24954600.0 31193250.0 37431900.0 43670550.0 49909200.0 56147850.0 62386500.0 68625150.0 74863800.0 81102450.0 87341100.0 93579750.0 99818400.0 106057050.0 112295700.0 118534350.0 124773000.0 131011650.0 137250300.0 143488950.0 149727600.0 155966250.0 162204900.0 168443550.0 174682200.0 180920850.0 187159500.0 193398150.0 199636800.0 205875450.0 212114100.0 218352750.0 224591400.0 230830050.0 237068700.0 243307350.0 249546000.0 255784650.0 262023300.0 268261950.0 274500600.0 280739250.0 286977900.0 293216550.0 299455200.0 305693850.0 311932500.0 318171150.0 324409800.0 330648450.0 336887100.0 343125750.0 349364400.0 355603050.0 361841700.0 368080350.0
0.0 6567000.0 13134000.0 19701000.0 26268000.0 32835000.0 39402000.0 45969000.0 52536000.0 59103000.0 65670000.0 72237000.0 78804000.0 85371000.0 91938000.0 98505000.0 105072000.0 111639000.0 118206000.0 124773000.0 131340000.0 137907000.0 144474000.0 151041000.0 157608000.0 164175000.0 170742000.0 177309000.0 183876000.0 190443000.0 197010000.0 203577000.0 210144000.0 216711000.0 223278000.0 229845000.0 236412000.0 242979000.0 249546000.0 256113000.0 262680000.0 269247000.0 275814000.0 282381000.0 288948000.0 295515000.0 302082000.0 308649000.0 315216000.0 321783000.0 328350000.0 334917000.0 341484000.0 348051000.0 354618000.0 361185000.0 367752000.0 374319000.0 380886000.0 387453000.0
0.0 6895350.0 13790700.0 20686050.0 27581400.0 34476750.0 41372100.0 48267450.0 55162800.0 62058150.0 68953500.0 75848850.0 82744200.0 89639550.0 96534900.0 103430250.0 110325600.0 117220950.0 124116300.0 131011650.0 137907000.0 144802350.0 151697700.0 158593050.0 165488400.0 172383750.0 179279100.0 186174450.0 193069800.0 199965150.0 206860500.0 213755850.0 220651200.0 227546550.0 234441900.0 241337250.0 248232600.0 255127950.0 262023300.0 268918650.0 275814000.0 282709350.0 289604700.0 296500050.0 303395400.0 310290750.0 317186100.0 324081450.0 330976800.0 337872150.0 344767500.0 351662850.0 358558200.0 365453550.0 372348900.0 379244250.0 386139600.0 393034950.0 399930300.0 406825650.0
0.0 7223700.0 14447400.0 21671100.0 28894800.0 36118500.0 43342200.0 50565900.0 57789600.0 65013300.0 72237000.0 79460700.0 86684400.0 93908100.0 101131800.0 108355500.0 115579200.0 122802900.0 130026600.0 137250300.0 144474000.0 151697700.0 158921400.0 166145100.0 173368800.0 180592500.0 187816200.0 195039900.0 202263600.0 209487300.0 216711000.0 223934700.0 231158400.0 238382100.0 245605800.0 252829500.0 260053200.0 267276900.0 274500600.0 281724300.0 288948000.0 296171700.0 303395400.0 310619100.0 317842800.0 325066500.0 332290200.0 339513900.0 346737600.0 353961300.0 361185000.0 368408700.0 375632400.0 382856100.0 390079800.0 397303500.0 404527200.0 411750900.0 418974600.0 426198300.0
0.0 7552050.0 15104100.0 22656150.0 30208200.0 37760250.0 45312300.0 52864350.0 60416400.0 67968450.0 75520500.0 83072550.0 90624600.0 98176650.0 105728700.0 113280750.0 120832800.0 128384850.0 135936900.0 143488950.0 151041000.0 158593050.0 166145100.0 173697150.0 181249200.0 188801250.0 196353300.0 203905350.0 211457400.0 219009450.0 226561500.0 234113550.0 241665600.0 249217650.0 256769700.0 264321750.0 271873800.0 279425850.0 286977900.0 294529950.0 302082000.0 309634050.0 317186100.0 324738150.0 332290200.0 339842250.0 347394300.0 354946350.0 362498400.0 370050450.0 377602500.0 385154550.0 392706600.0 400258650.0 407810700.0 415362750.0 422914800.0 430466850.0 438018900.0 445570950.0
0.0 7880400.0 15760800.0 23641200.0 31521600.0 39402000.0 47282400.0 55162800.0 63043200.0 70923600.0 78804000.0 86684400.0 94564800.0 102445200.0 110325600.0 118206000.0 126086400.0 133966800.0 141847200.0 149727600.0 157608000.0 165488400.0 173368800.0 181249200.0 189129600.0 197010000.0 204890400.0 212770800.0 220651200.0 228531600.0 236412000.0 244292400.0 252172800.0 260053200.0 267933600.0 275814000.0 283694400.0 291574800.0 299455200.0 307335600.0 315216000.0 323096400.0 330976800.0 338857200.0 346737600.0 354618000.0 362498400.0 370378800.0 378259200.0 386139600.0 394020000.0 401900400.0 409780800.0 417661200.0 425541600.0 433422000.0 441302400.0 449182800.0 457063200.0 464943600.0
0.0 8208750.0 16417500.0 24626250.0 32835000.0 41043750.0 49252500.0 57461250.0 65670000.0 73878750.0 82087500.0 90296250.0 98505000.0 106713750.0 114922500.0 123131250.0 131340000.0 139548750.0 147757500.0 155966250.0 164175000.0 172383750.0 180592500.0 188801250.0 197010000.0 205218750.0 213427500.0 221636250.0 229845000.0 238053750.0 246262500.0 254471250.0 262680000.0 270888750.0 279097500.0 287306250.0 295515000.0 303723750.0 311932500.0 320141250.0 328350000.0 336558750.0 344767500.0 352976250.0 361185000.0 369393750.0 377602500.0 385811250.0 394020000.0 402228750.0 410437500.0 418646250.0 426855000.0 435063750.0 443272500.0 451481250.0 459690000.0 467898750.0 476107500.0 484316250.0
0.0 8537100.0 17074200.0 25611300.0 34148400.0 42685500.0 51222600.0 59759700.0 68296800.0 76833900.0 85371000.0 93908100.0 102445200.0 110982300.0 119519400.0 128056500.0 136593600.0 145130700.0 153667800.0 162204900.0 170742000.0 179279100.0 187816200.0 196353300.0 204890400.0 213427500.0 221964600.0 230501700.0 239038800.0 247575900.0 256113000.0 264650100.0 273187200.0 281724300.0 290261400.0 298798500.0 307335600.0 315872700.0 324409800.0 332946900.0 341484000.0 350021100.0 358558200.0 367095300.0 375632400.0 384169500.0 392706600.0 401243700.0 409780800.0 418317900.0 426855000.0 435392100.0 443929200.0 452466300.0 461003400.0 469540500.0 478077600.0 486614700.0 495151800.0 503688900.0
0.0 8865450.0 17730900.0 26596350.0 35461800.0 44327250.0 53192700.0 62058150.0 70923600.0 79789050.0 88654500.0 97519950.0 106385400.0 115250850.0 124116300.0 132981750.0 141847200.0 150712650.0 159578100.0 168443550.0 177309000.0 186174450.0 195039900.0 203905350.0 212770800.0 221636250.0 230501700.0 239367150.0 248232600.0 257098050.0 265963500.0 274828950.0 283694400.0 292559850.0 301425300.0 310290750.0 319156200.0 328021650.0 336887100.0 345752550.0 354618000.0 363483450.0 372348900.0 381214350.0 390079800.0 398945250.0 407810700.0 416676150.0 425541600.0 434407050.0 443272500.0 452137950.0 461003400.0 469868850.0 478734300.0 487599750.0 496465200.0 505330650.0 514196100.0 523061550.0
0.0 9193800.0 18387600.0 27581400.0 36775200.0 45969000.0 55162800.0 64356600.0 73550400.0 82744200.0 91938000.0 101131800.0 110325600.0 119519400.0 128713200.0 137907000.0 147100800.0 156294600.0 165488400.0 174682200.0 183876000.0 193069800.0 202263600.0 211457400.0 220651200.0 229845000.0 239038800.0 248232600.0 257426400.0 266620200.0 275814000.0 285007800.0 294201600.0 303395400.0 312589200.0 321783000.0 330976800.0 340170600.0 349364400.0 358558200.0 367752000.0 376945800.0 386139600.0 395333400.0 404527200.0 413721000.0 422914800.0 432108600.0 441302400.0 450496200.0 459690000.0 468883800.0 478077600.0 487271400.0 496465200.0 505659000.0 514852800.0 524046600.0 533240400.0 542434200.0
0.0 9522150.0 19044300.0 28566450.0 38088600.0 47610750.0 57132900.0 66655050.0 76177200.0 85699350.0 95221500.0 104743650.0 114265800.0 123787950.0 133310100.0 142832250.0 152354400.0 161876550.0 171398700.0 180920850.0 190443000.0 199965150.0 209487300.0 219009450.0 228531600.0 238053750.0 247575900.0 257098050.0 266620200.0 276142350.0 285664500.0 295186650.0 304708800.0 314230950.0 323753100.0 333275250.0 342797400.0 352319550.0 361841700.0 371363850.0 380886000.0 390408150.0 399930300.0 409452450.0 418974600.0 428496750.0 438018900.0 447541050.0 457063200.0 466585350.0 476107500.0 485629650.0 495151800.0 504673950.0 514196100.0 523718250.0 533240400.0 542762550.0 552284700.0 561806850.0
0.0 9850500.0 19701000.0 29551500.0 39402000.0 49252500.0 59103000.0 68953500.0 78804000.0 88654500.0 98505000.0 108355500.0 118206000.0 128056500.0 137907000.0 147757500.0 157608000.0 167458500.0 177309000.0 187159500.0 197010000.0 206860500.0 216711000.0 226561500.0 236412000.0 246262500.0 256113000.0 265963500.0 275814000.0 285664500.0 295515000.0 305365500.0 315216000.0 325066500.0 334917000.0 344767500.0 354618000.0 364468500.0 374319000.0 384169500.0 394020000.0 403870500.0 413721000.0 423571500.0 433422000.0 443272500.0 453123000.0 462973500.0 472824000.0 482674500.0 492525000.0 502375500.0 512226000.0 522076500.0 531927000.0 541777500.0 551628000.0 561478500.0 571329000.0 581179500.0
0.0 10178850.0 20357700.0 30536550.0 40715400.0 50894250.0 61073100.0 71251950.0 81430800.0 91609650.0 101788500.0 111967350.0 122146200.0 132325050.0 142503900.0 152682750.0 162861600.0 173040450.0 183219300.0 193398150.0 203577000.0 213755850.0 223934700.0 234113550.0 244292400.0 254471250.0 264650100.0 274828950.0 285007800.0 295186650.0 305365500.0 315544350.0 325723200.0 335902050.0 346080900.0 356259750.0 366438600.0 376617450.0 386796300.0 396975150.0 407154000.0 417332850.0 427511700.0 437690550.0 447869400.0 458048250.0 468227100.0 478405950.0 488584800.0 498763650.0 508942500.0 519121350.0 529300200.0 539479050.0 549657900.0 559836750.0 570015600.0 580194450.0 590373300.0 600552150.0
0.0 10507200.0 21014400.0 31521600.0 42028800.0 52536000.0 63043200.0 73550400.0 84057600.0 94564800.0 105072000.0 115579200.0 126086400.0 136593600.0 147100800.0 157608000.0 168115200.0 178622400.0 189129600.0 199636800.0 210144000.0 220651200.0 231158400.0 241665600.0 252172800.0 262680000.0 273187200.0 283694400.0 294201600.0 304708800.0 315216000.0 325723200.0 336230400.0 346737600.0 357244800.0 367752000.0 378259200.0 388766400.0 399273600.0 409780800.0 420288000.0 430795200.0 441302400.0 451809600.0 462316800.0 472824000.0 483331200.0 493838400.0 504345600.0 514852800.0 525360000.0 535867200.0 546374400.0 556881600.0 567388800.0 577896000.0 588403200.0 598910400.0 609417600.0 619924800.0
0.0 10835550.0 21671100.0 32506650.0 43342200.0 54177750.0 65013300.0 75848850.0 86684400.0 97519950.0 108355500.0 119191050.0 130026600.0 140862150.0 151697700.0 162533250.0 173368800.0 184204350.0 195039900.0 205875450.0 216711000.0 227546550.0 238382100.0 249217650.0 260053200.0 270888750.0 281724300.0 292559850.0 303395400.0 314230950.0 325066500.0 335902050.0 346737600.0 357573150.0 368408700.0 379244250.0 390079800.0 400915350.0 411750900.0 422586450.0 433422000.0 444257550.0 455093100.0 465928650.0 476764200.0 487599750.0 498435300.0 509270850.0 520106400.0 530941950.0 541777500.0 552613050.0 563448600.0 574284150.0 585119700.0 595955250.0 606790800.0 617626350.0 628461900.0 639297450.0
0.0 11163900.0 22327800.0 33491700.0 44655600.0 55819500.0 66983400.0 78147300.0 89311200.0 100475100.0 111639000.0 122802900.0 133966800.0 145130700.0 156294600.0 167458500.0 178622400.0 189786300.0 200950200.0 212114100.0 223278000.0 234441900.0 245605800.0 256769700.0 267933600.0 279097500.0 290261400.0 301425300.0 312589200.0 323753100.0 334917000.0 346080900.0 357244800.0 368408700.0 379572600.0 390736500.0 401900400.0 413064300.0 424228200.0 435392100.0 446556000.0 457719900.0 468883800.0 480047700.0 491211600.0 502375500.0 513539400.0 524703300.0 535867200.0 547031100.0 558195000.0 569358900.0 580522800.0 591686700.0 602850600.0 614014500.0 625178400.0 636342300.0 647506200.0 658670100.0
0.0 11492250.0 22984500.0 34476750.0 45969000.0 57461250.0 68953500.0 80445750.0 91938000.0 103430250.0 114922500.0 126414750.0 137907000.0 149399250.0 160891500.0 172383750.0 183876000.0 195368250.0 206860500.0 218352750.0 229845000.0 241337250.0 252829500.0 264321750.0 275814000.0 287306250.0 298798500.0 310290750.0 321783000.0 333275250.0 344767500.0 356259750.0 367752000.0 379244250.0 390736500.0 402228750.0 413721000.0 425213250.0 436705500.0 448197750.0 459690000.0 471182250.0 482674500.0 494166750.0 505659000.0 517151250.0 528643500.0 540135750.0 551628000.0 563120250.0 574612500.0 586104750.0 597597000.0 609089250.0 620581500.0 632073750.0 643566000.0 655058250.0 666550500.0 678042750.0
0.0 11820600.0 23641200.0 35461800.0 47282400.0 59103000.0 70923600.0 82744200.0 94564800.0 106385400.0 118206000.0 130026600.0 141847200.0 153667800.0 165488400.0 177309000.0 189129600.0 200950200.0 212770800.0 224591400.0 236412000.0 248232600.0 260053200.0 271873800.0 283694400.0 295515000.0 307335600.0 319156200.0 330976800.0 342797400.0 354618000.0 366438600.0 378259200.0 390079800.0 401900400.0 413721000.0 425541600.0 437362200.0 449182800.0 461003400.0 472824000.0 484644600.0 496465200.0 508285800.0 520106400.0 531927000.0 543747600.0 555568200.0 567388800.0 579209400.0 591030000.0 602850600.0 614671200.0 626491800.0 638312400.0 650133000.0 661953600.0 673774200.0 685594800.0 697415400.0
0.0 12148950.0 24297900.0 36446850.0 48595800.0 60744750.0 72893700.0 85042650.0 97191600.0 109340550.0 121489500.0 133638450.0 145787400.0 157936350.0 170085300.0 182234250.0 194383200.0 206532150.0 218681100.0 230830050.0 242979000.0 255127950.0 267276900.0 279425850.0 291574800.0 303723750.0 315872700.0 328021650.0 340170600.0 352319550.0 364468500.0 376617450.0 388766400.0 400915350.0 413064300.0 425213250.0 437362200.0 449511150.0 461660100.0 473809050.0 485958000.0 498106950.0 510255900.0 522404850.0 534553800.0 546702750.0 558851700.0 571000650.0 583149600.0 595298550.0 607447500.0 619596450.0 631745400.0 643894350.0 656043300.0 668192250.0 680341200.0 692490150.0 704639100.0 716788050.0
0.0 12477300.0 24954600.0 37431900.0 49909200.0 62386500.0 74863800.0 87341100.0 99818400.0 112295700.0 124773000.0 137250300.0 149727600.0 162204900.0 174682200.0 187159500.0 199636800.0 212114100.0 224591400.0 237068700.0 249546000.0 262023300.0 274500600.0 286977900.0 299455200.0 311932500.0 324409800.0 336887100.0 349364400.0 361841700.0 374319000.0 386796300.0 399273600.0 411750900.0 424228200.0 436705500.0 449182800.0 461660100.0 474137400.0 486614700.0 499092000.0 511569300.0 524046600.0 536523900.0 549001200.0 561478500.0 573955800.0 586433100.0 598910400.0 611387700.0 623865000.0 636342300.0 648819600.0 661296900.0 673774200.0 686251500.0 698728800.0 711206100.0 723683400.0 736160700.0
0.0 12805650.0 25611300.0 38416950.0 51222600.0 64028250.0 76833900.0 89639550.0 102445200.0 115250850.0 128056500.0 140862150.0 153667800.0 166473450.0 179279100.0 192084750.0 204890400.0 217696050.0 230501700.0 243307350.0 256113000.0 268918650.0 281724300.0 294529950.0 307335600.0 320141250.0 332946900.0 345752550.0 358558200.0 371363850.0 384169500.0 396975150.0 409780800.0 422586450.0 435392100.0 448197750.0 461003400.0 473809050.0 486614700.0 499420350.0 512226000.0 525031650.0 537837300.0 550642950.0 563448600.0 576254250.0 589059900.0 601865550.0 614671200.0 627476850.0 640282500.0 653088150.0 665893800.0 678699450.0 691505100.0 704310750.0 717116400.0 729922050.0 742727700.0 755533350.0
0.0 13134000.0 26268000.0 39402000.0 52536000.0 65670000.0 78804000.0 91938000.0 105072000.0 118206000.0 131340000.0 144474000.0 157608000.0 170742000.0 183876000.0 197010000.0 210144000.0 223278000.0 236412000.0 249546000.0 262680000.0 275814000.0 288948000.0 302082000.0 315216000.0 328350000.0 341484000.0 354618000.0 367752000.0 380886000.0 394020000.0 407154000.0 420288000.0 433422000.0 446556000.0 459690000.0 472824000.0 485958000.0 499092000.0 512226000.0 525360000.0 538494000.0 551628000.0 564762000.0 577896000.0 591030000.0 604164000.0 617298000.0 630432000.0 643566000.0 656700000.0 669834000.0 682968000.0 696102000.0 709236000.0 722370000.0 735504000.0 748638000.0 761772000.0 774906000.0
0.0 13462350.0 26924700.0 40387050.0 53849400.0 67311750.0 80774100.0 94236450.0 107698800.0 121161150.0 134623500.0 148085850.0 161548200.0 175010550.0 188472900.0 201935250.0 215397600.0 228859950.0 242322300.0 255784650.0 269247000.0 282709350.0 296171700.0 309634050.0 323096400.0 336558750.0 350021100.0 363483450.0 376945800.0 390408150.0 403870500.0 417332850.0 430795200.0 444257550.0 457719900.0 471182250.0 484644600.0 498106950.0 511569300.0 525031650.0 538494000.0 551956350.0 565418700.0 578881050.0 592343400.0 605805750.0 619268100.0 632730450.0 646192800.0 659655150.0 673117500.0 686579850.0 700042200.0 713504550.0 726966900.0 740429250.0 753891600.0 767353950.0 780816300.0 794278650.0
0.0 13790700.0 27581400.0 41372100.0 55162800.0 68953500.0 82744200.0 96534900.0 110325600.0 124116300.0 137907000.0 151697700.0 165488400.0 179279100.0 193069800.0 206860500.0 220651200.0 234441900.0 248232600.0 262023300.0 275814000.0 289604700.0 303395400.0 317186100.0 330976800.0 344767500.0 358558200.0 372348900.0 386139600.0 399930300.0 413721000.0 427511700.0 441302400.0 455093100.0 468883800.0 482674500.0 496465200.0 510255900.0 524046600.0 537837300.0 551628000.0 565418700.0 579209400.0 593000100.0 606790800.0 620581500.0 634372200.0 648162900.0 661953600.0 675744300.0 689535000.0 703325700.0 717116400.0 730907100.0 744697800.0 758488500.0 772279200.0 786069900.0 799860600.0 813651300.0
0.0 14119050.0 28238100.0 42357150.0 56476200.0 70595250.0 84714300.0 98833350.0 112952400.0 127071450.0 141190500.0 155309550.0 169428600.0 183547650.0 197666700.0 211785750.0 225904800.0 240023850.0 254142900.0 268261950.0 282381000.0 296500050.0 310619100.0 324738150.0 338857200.0 352976250.0 367095300.0 381214350.0 395333400.0 409452450.0 423571500.0 437690550.0 451809600.0 465928650.0 480047700.0 494166750.0 508285800.0 522404850.0 536523900.0 550642950.0 564762000.0 578881050.0 593000100.0 607119150.0 621238200.0 635357250.0 649476300.0 663595350.0 677714400.0 691833450.0 705952500.0 720071550.0 734190600.0 748309650.0 762428700.0 776547750.0 790666800.0 804785850.0 818904900.0 833023950.0
0.0 14447400.0 28894800.0 43342200.0 57789600.0 72237000.0 86684400.0 101131800.0 115579200.0 130026600.0 144474000.0 158921400.0 173368800.0 187816200.0 202263600.0 216711000.0 231158400.0 245605800.0 260053200.0 274500600.0 288948000.0 303395400.0 317842800.0 332290200.0 346737600.0 361185000.0 375632400.0 390079800.0 404527200.0 418974600.0 433422000.0 447869400.0 462316800.0 476764200.0 491211600.0 505659000.0 520106400.0 534553800.0 549001200.0 563448600.0 577896000.0 592343400.0 606790800.0 621238200.0 635685600.0 650133000.0 664580400.0 679027800.0 693475200.0 707922600.0 722370000.0 736817400.0 751264800.0 765712200.0 780159600.0 794607000.0 809054400.0 823501800.0 837949200.0 852396600.0
0.0 14775750.0 29551500.0 44327250.0 59103000.0 73878750.0 88654500.0 103430250.0 118206000.0 132981750.0 147757500.0 162533250.0 177309000.0 192084750.0 206860500.0 221636250.0 236412000.0 251187750.0 265963500.0 280739250.0 295515000.0 310290750.0 325066500.0 339842250.0 354618000.0 369393750.0 384169500.0 398945250.0 413721000.0 428496750.0 443272500.0 458048250.0 472824000.0 487599750.0 502375500.0 517151250.0 531927000.0 546702750.0 561478500.0 576254250.0 591030000.0 605805750.0 620581500.0 635357250.0 650133000.0 664908750.0 679684500.0 694460250.0 709236000.0 724011750.0 738787500.0 753563250.0 768339000.0 783114750.0 797890500.0 812666250.0 827442000.0 842217750.0 856993500.0 871769250.0
0.0 15104100.0 30208200.0 45312300.0 60416400.0 75520500.0 90624600.0 105728700.0 120832800.0 135936900.0 151041000.0 166145100.0 181249200.0 196353300.0 211457400.0 226561500.0 241665600.0 256769700.0 271873800.0 286977900.0 302082000.0 317186100.0 332290200.0 347394300.0 362498400.0 377602500.0 392706600.0 407810700.0 422914800.0 438018900.0 453123000.0 468227100.0 483331200.0 498435300.0 513539400.0 528643500.0 543747600.0 558851700.0 573955800.0 589059900.0 604164000.0 619268100.0 634372200.0 649476300.0 664580400.0 679684500.0 694788600.0 709892700.0 724996800.0 740100900.0 755205000.0 770309100.0 785413200.0 800517300.0 815621400.0 830725500.0 845829600.0 860933700.0 876037800.0 891141900.0
0.0 15432450.0 30864900.0 46297350.0 61729800.0 77162250.0 92594700.0 108027150.0 123459600.0 138892050.0 154324500.0 169756950.0 185189400.0 200621850.0 216054300.0 231486750.0 246919200.0 262351650.0 277784100.0 293216550.0 308649000.0 324081450.0 339513900.0 354946350.0 370378800.0 385811250.0 401243700.0 416676150.0 432108600.0 447541050.0 462973500.0 478405950.0 493838400.0 509270850.0 524703300.0 540135750.0 555568200.0 571000650.0 586433100.0 601865550.0 617298000.0 632730450.0 648162900.0 663595350.0 679027800.0 694460250.0 709892700.0 725325150.0 740757600.0 756190050.0 771622500.0 787054950.0 802487400.0 817919850.0 833352300.0 848784750.0 864217200.0 879649650.0 895082100.0 910514550.0
0.0 15760800.0 31521600.0 47282400.0 63043200.0 78804000.0 94564800.0 110325600.0 126086400.0 141847200.0 157608000.0 173368800.0 189129600.0 204890400.0 220651200.0 236412000.0 252172800.0 267933600.0 283694400.0 299455200.0 315216000.0 330976800.0 346737600.0 362498400.0 378259200.0 394020000.0 409780800.0 425541600.0 441302400.0 457063200.0 472824000.0 488584800.0 504345600.0 520106400.0 535867200.0 551628000.0 567388800.0 583149600.0 598910400.0 614671200.0 630432000.0 646192800.0 661953600.0 677714400.0 693475200.0 709236000.0 724996800.0 740757600.0 756518400.0 772279200.0 788040000.0 803800800.0 819561600.0 835322400.0 851083200.0 866844000.0 882604800.0 898365600.0 914126400.0 929887200.0
0.0 16089150.0 32178300.0 48267450.0 64356600.0 80445750.0 96534900.0 112624050.0 128713200.0 144802350.0 160891500.0 176980650.0 193069800.0 209158950.0 225248100.0 241337250.0 257426400.0 273515550.0 289604700.0 305693850.0 321783000.0 337872150.0 353961300.0 370050450.0 386139600.0 402228750.0 418317900.0 434407050.0 450496200.0 466585350.0 482674500.0 498763650.0 514852800.0 530941950.0 547031100.0 563120250.0 579209400.0 595298550.0 611387700.0 627476850.0 643566000.0 659655150.0 675744300.0 691833450.0 707922600.0 724011750.0 740100900.0 756190050.0 772279200.0 788368350.0 804457500.0 820546650.0 836635800.0 852724950.0 868814100.0 884903250.0 900992400.0 917081550.0 933170700.0 949259850.0
0.0 16417500.0 32835000.0 49252500.0 65670000.0 82087500.0 98505000.0 114922500.0 131340000.0 147757500.0 164175000.0 180592500.0 197010000.0 213427500.0 229845000.0 246262500.0 262680000.0 279097500.0 295515000.0 311932500.0 328350000.0 344767500.0 361185000.0 377602500.0 394020000.0 410437500.0 426855000.0 443272500.0 459690000.0 476107500.0 492525000.0 508942500.0 525360000.0 541777500.0 558195000.0 574612500.0 591030000.0 607447500.0 623865000.0 640282500.0 656700000.0 673117500.0 689535000.0 705952500.0 722370000.0 738787500.0 755205000.0 771622500.0 788040000.0 804457500.0 820875000.0 837292500.0 853710000.0 870127500.0 886545000.0 902962500.0 919380000.0 935797500.0 952215000.0 968632500.0
0.0 16745850.0 33491700.0 50237550.0 66983400.0 83729250.0 100475100.0 117220950.0 133966800.0 150712650.0 167458500.0 184204350.0 200950200.0 217696050.0 234441900.0 251187750.0 267933600.0 284679450.0 301425300.0 318171150.0 334917000.0 351662850.0 368408700.0 385154550.0 401900400.0 418646250.0 435392100.0 452137950.0 468883800.0 485629650.0 502375500.0 519121350.0 535867200.0 552613050.0 569358900.0 586104750.0 602850600.0 619596450.0 636342300.0 653088150.0 669834000.0 686579850.0 703325700.0 720071550.0 736817400.0 753563250.0 770309100.0 787054950.0 803800800.0 820546650.0 837292500.0 854038350.0 870784200.0 887530050.0 904275900.0 921021750.0 937767600.0 954513450.0 971259300.0 988005150.0
0.0 17074200.0 34148400.0 51222600.0 68296800.0 85371000.0 102445200.0 119519400.0 136593600.0 153667800.0 170742000.0 187816200.0 204890400.0 221964600.0 239038800.0 256113000.0 273187200.0 290261400.0 307335600.0 324409800.0 341484000.0 358558200.0 375632400.0 392706600.0 409780800.0 426855000.0 443929200.0 461003400.0 478077600.0 495151800.0 512226000.0 529300200.0 546374400.0 563448600.0 580522800.0 597597000.0 614671200.0 631745400.0 648819600.0 665893800.0 682968000.0 700042200.0 717116400.0 734190600.0 751264800.0 768339000.0 785413200.0 802487400.0 819561600.0 836635800.0 853710000.0 870784200.0 887858400.0 904932600.0 922006800.0 939081000.0 956155200.0 973229400.0 990303600.0 1007377800.0
0.0 17402550.0 34805100.0 52207650.0 69610200.0 87012750.0 104415300.0 121817850.0 139220400.0 156622950.0 174025500.0 191428050.0 208830600.0 226233150.0 243635700.0 261038250.0 278440800.0 295843350.0 313245900.0 330648450.0 348051000.0 365453550.0 382856100.0 400258650.0 417661200.0 435063750.0 452466300.0 469868850.0 487271400.0 504673950.0 522076500.0 539479050.0 556881600.0 574284150.0 591686700.0 609089250.0 626491800.0 643894350.0 661296900.0 678699450.0 696102000.0 713504550.0 730907100.0 748309650.0 765712200.0 783114750.0 800517300.0 817919850.0 835322400.0 852724950.0 870127500.0 887530050.0 904932600.0 922335150.0 939737700.0 957140250.0 974542800.0 991945350.0 1009347900.0 1026750450.0
0.0 17730900.0 35461800.0 53192700.0 70923600.0 88654500.0 106385400.0 124116300.0 141847200.0 159578100.0 177309000.0 195039900.0 212770800.0 230501700.0 248232600.0 265963500.0 283694400.0 301425300.0 319156200.0 336887100.0 354618000.0 372348900.0 390079800.0 407810700.0 425541600.0 443272500.0 461003400.0 478734300.0 496465200.0 514196100.0 531927000.0 549657900.0 567388800.0 585119700.0 602850600.0 620581500.0 638312400.0 656043300.0 673774200.0 691505100.0 709236000.0 726966900.0 744697800.0 762428700.0 780159600.0 797890500.0 815621400.0 833352300.0 851083200.0 868814100.0 886545000.0 904275900.0 922006800.0 939737700.0 957468600.0 975199500.0 992930400.0 1010661300.0 1028392200.0 1046123100.0
0.0 18059250.0 36118500.0 54177750.0 72237000.0 90296250.0 108355500.0 126414750.0 144474000.0 162533250.0 180592500.0 198651750.0 216711000.0 234770250.0 252829500.0 270888750.0 288948000.0 307007250.0 325066500.0 343125750.0 361185000.0 379244250.0 397303500.0 415362750.0 433422000.0 451481250.0 469540500.0 487599750.0 505659000.0 523718250.0 541777500.0 559836750.0 577896000.0 595955250.0 614014500.0 632073750.0 650133000.0 668192250.0 686251500.0 704310750.0 722370000.0 740429250.0 758488500.0 776547750.0 794607000.0 812666250.0 830725500.0 848784750.0 866844000.0 884903250.0 902962500.0 921021750.0 939081000.0 957140250.0 975199500.0 993258750.0 1011318000.0 1029377250.0 1047436500.0 1065495750.0
0.0 18387600.0 36775200.0 55162800.0 73550400.0 91938000.0 110325600.0 128713200.0 147100800.0 165488400.0 183876000.0 202263600.0 220651200.0 239038800.0 257426400.0 275814000.0 294201600.0 312589200.0 330976800.0 349364400.0 367752000.0 386139600.0 404527200.0 422914800.0 441302400.0 459690000.0 478077600.0 496465200.0 514852800.0 533240400.0 551628000.0 570015600.0 588403200.0 606790800.0 625178400.0 643566000.0 661953600.0 680341200.0 698728800.0 717116400.0 735504000.0 753891600.0 772279200.0 790666800.0 809054400.0 827442000.0 845829600.0 864217200.0 882604800.0 900992400.0 919380000.0 937767600.0 956155200.0 974542800.0 992930400.0 1011318000.0 1029705600.0 1048093200.0 1066480800.0 1084868400.0
0.0 18715950.0 37431900.0 56147850.0 74863800.0 93579750.0 112295700.0 131011650.0 149727600.0 168443550.0 187159500.0 205875450.0 224591400.0 243307350.0 262023300.0 280739250.0 299455200.0 318171150.0 336887100.0 355603050.0 374319000.0 393034950.0 411750900.0 430466850.0 449182800.0 467898750.0 486614700.0 505330650.0 524046600.0 542762550.0 561478500.0 580194450.0 598910400.0 617626350.0 636342300.0 655058250.0 673774200.0 692490150.0 711206100.0 729922050.0 748638000.0 767353950.0 786069900.0 804785850.0 823501800.0 842217750.0 860933700.0 879649650.0 898365600.0 917081550.0 935797500.0 954513450.0 973229400.0 991945350.0 1010661300.0 1029377250.0 1048093200.0 1066809150.0 1085525100.0 1104241050.0
